99999.9999957.881799

0.909118
0.909120
0.909132
0.707463
5.353882
5.050744
2.525463
7.070948
23.739577
16.465546
1.111176
0.909104
2.121342
1.414187
0.505072
4.141704
7.980544
3.434579
4.646786
5.959776
38.892078
11.717712
432.247628
2.525399
4.646517
28.586934
24.951241
1.212128
27.071241
22.121939
1.616155
1.313172
2.222387
126.469708
32.122609
15.758244
4.242616
2.828365
11.414498
2.323278
29.091964
33.233363
16.869402
55.052400
4.950736
20.405654
8.687317
9.192753
8.990118
13.536420
7.070915
119.400673
10.101155
33.941026
13.132794
14.950436
3.333581
30.810120
12.930113
30.203936
16.264812
2.222268
10.101235
51.922017
8.182106
7.171987
13.131765
17.172756
36.163001
8.585439
1.919096
5.757290
23.940365
3.535431
4.444520
23.940409
27.578286
26.062698
39.294801
32.223579
18.131517
